user	item	rating
0	1	4
0	2	4
0	3	4
0	4	4
0	5	0
0	6	5
0	7	4
0	8	5
0	9	5
0	10	4
0	11	3
0	12	4
0	13	4
0	14	3
0	15	4
0	16	4
0	17	4
0	18	4
0	19	0
0	20	4
0	21	5
0	22	4
0	23	0
0	24	5
0	25	0
0	26	4
0	27	4
0	28	0
0	29	4
0	30	5
0	31	5
0	32	4
0	33	4
0	34	4
0	35	5
0	36	5
0	37	4
0	38	4
0	39	4
0	40	4
0	41	4
0	42	4
0	43	4
0	44	4
0	45	4
0	46	0
0	47	4
0	48	4,5
0	49	0
0	50	3
0	51	5
0	52	0
0	53	0
0	54	0
0	55	3
0	56	5
0	57	3
0	58	5
0	59	3
0	60	3
0	61	4
0	62	4
0	63	4
0	64	4
0	65	4
0	66	0
0	67	5
0	68	0
0	69	0
0	70	0
0	71	3
0	72	4
0	73	4
0	74	4
0	75	3
0	76	3
0	77	4
0	78	3
0	79	3
0	80	4
0	81	3
0	82	4
0	83	0
0	84	4
0	85	4
0	86	4
0	87	0
0	88	4
0	89	4
0	90	0
0	91	0
0	92	0
0	93	0
0	94	4
0	95	4
0	96	4
0	97	3
0	98	3
0	99	0
0	100	3
0	101	3,5
0	102	4
0	103	4
0	104	4
0	105	2
0	106	4
0	107	0
0	108	3
0	109	4
0	110	3
0	111	0
0	112	3,5
0	113	0
0	114	3
0	115	3
0	116	3
0	117	0
0	118	4
0	119	3
0	120	5
0	121	3
0	122	3
0	123	3
0	124	4
0	125	5
0	126	0
0	127	2,5
0	128	4
0	129	4
0	130	4
0	131	0
0	132	4
0	133	3,5
0	134	0
0	135	4
0	136	0
0	137	3,5
0	138	0
0	139	3,5
0	140	4
0	141	4
0	142	3
0	143	5
0	144	0
0	145	3,5
0	146	4
0	147	4
0	148	4
0	149	3
0	150	3
1	1	3
1	2	3
1	3	3,5
1	4	2,5
1	5	3,5
1	6	5
1	7	5
1	8	5
1	9	5
1	10	3,5
1	11	5
1	12	3,5
1	13	3
1	14	0
1	15	4
1	17	4
1	18	5
1	19	0
1	20	2,5
1	21	5
1	22	5
1	23	3
1	24	5
1	25	0
1	26	0
1	27	5
1	28	0
1	29	0
1	30	0
1	31	0
1	32	0
1	33	5
1	34	4
1	35	4,5
1	36	5
1	37	2
1	38	5
1	39	5
1	40	4,5
1	41	5
1	42	5
1	43	0
1	44	3,5
1	45	2,5
1	46	0
1	47	5
1	48	5
1	49	1,5
1	50	0
1	51	5
1	52	0
1	53	3,5
1	54	0
1	55	5
1	56	4
1	57	4
1	58	5
1	59	2,5
1	60	4,5
1	61	4,5
1	62	4,5
1	63	5
1	64	5
1	65	5
1	69	1,5
1	70	3,5
1	71	4
1	72	4
1	73	4
1	74	5
1	75	5
1	76	4
1	77	5
1	78	5
1	79	4
1	80	5
1	81	0
1	82	5
1	83	1,5
1	84	5
1	85	5
1	86	0
1	87	4,5
1	88	5
1	89	1,5
1	90	0
1	91	0
1	92	5
1	93	0
1	94	3,5
1	95	5
1	96	0
1	97	5
1	98	0
1	99	0
1	100	0
1	101	0
1	102	0
1	103	3
1	104	0
1	105	5
1	106	0
1	107	1,5
1	108	4,5
1	109	0
1	110	5
1	111	0
1	112	0
1	113	5
1	114	5
1	115	0
1	116	5
1	117	0
1	118	5
1	119	4
1	120	0
1	121	4,5
1	122	5
1	123	0
1	124	5
1	125	5
1	126	0
1	127	0
1	128	4
1	129	4,5
1	130	5
1	131	0
1	132	0
1	133	0
1	134	5
1	135	4
1	136	0
1	137	5
1	138	0
1	139	0
1	140	4
1	141	5
1	142	4,5
1	143	4
1	144	0
1	145	4
1	146	0
1	147	0
1	148	4
1	149	0
1	150	0
2	1	4
2	2	0
2	3	0
2	4	3
2	5	0
2	6	4,5
2	7	0
2	8	4
2	9	4
2	10	4,5
2	11	3,5
2	12	3
2	13	0
2	14	0
2	15	3,5
2	16	0
2	17	4
2	18	0
2	19	0
2	20	0
2	21	4,5
2	22	0
2	23	0
2	24	0
2	25	0
2	26	0
2	27	0
2	28	0
2	29	0
2	30	0
2	31	0
2	32	0
2	33	3,5
2	34	0
2	35	3
2	36	0
2	37	0
2	38	0
2	39	4,5
2	40	0
2	41	0
2	42	0
2	43	0
2	44	0
2	45	0
2	46	0
2	47	0
2	48	0
2	49	0
2	50	0
2	51	0
2	52	0
2	53	0
2	54	0
2	55	0
2	56	4,5
2	57	0
2	58	5
2	59	0
2	60	1,5
2	61	1
2	62	3,5
2	63	5
2	64	4,5
2	65	5
2	66	5
2	67	4
2	68	0
2	69	0
2	70	0
2	71	3,5
2	72	5
2	73	5
2	74	0
2	75	4
2	76	3
2	77	0
2	78	1,5
2	79	0
2	80	3
2	81	2
2	82	3
2	83	0
2	84	3
2	85	4,5
2	86	0
2	87	0
2	88	4
2	89	0
2	90	0
2	91	0
2	92	0
2	93	0
2	94	0
2	95	4
2	96	0
2	97	0
2	98	0
2	99	0
2	100	0
2	101	0
2	102	0
2	103	4
2	104	0
2	105	3
2	106	0
2	107	0
2	108	0
2	109	0
2	110	0
2	111	0
2	112	0
2	113	2
2	114	0
2	115	0
2	116	0
2	117	0
2	118	0
2	119	4,5
2	120	0
2	121	3,5
2	122	0
2	123	0
2	124	1
2	125	5
2	126	3,5
2	127	0
2	128	3,5
2	129	2,5
2	130	4,5
2	131	4
2	132	0
2	133	0
2	134	0
2	135	0
2	136	0
2	137	1,5
2	138	0
2	139	0
2	140	3,5
2	141	3,5
2	142	3
2	143	1
2	144	0
2	145	0
2	146	0
2	147	0
2	148	0
2	149	0
2	150	0
3	1	0
3	2	0
3	3	0
3	4	4
3	5	0
3	6	0
3	7	0
3	8	1
3	9	2
3	10	0
3	11	0
3	12	3
3	13	0
3	14	0
3	15	0
3	16	0
3	17	0
3	18	0
3	19	0
3	20	0
3	21	5
3	22	0
3	23	0
3	24	0
3	25	0
3	26	0
3	27	0
3	28	0
3	29	0
3	30	0
3	31	0
3	32	0
3	33	4
3	34	0
3	35	0
3	36	5
3	37	0
3	38	5
3	39	0
3	40	0
3	41	0
3	42	0
3	43	0
3	44	5
3	45	4
3	46	0
3	47	0
3	48	0
3	49	0
3	50	0
3	51	5
3	52	0
3	53	0
3	54	0
3	55	5
3	56	0
3	57	0
3	58	4
3	59	0
3	60	0
3	61	0
3	62	0
3	63	2
3	64	0
3	65	0
3	66	0
3	67	0
3	68	0
3	69	0
3	70	0
3	71	0
3	72	3
3	73	4
3	74	0
3	75	5
3	76	0
3	77	0
3	78	0
3	79	0
3	80	0
3	81	0
3	82	0
3	83	0
3	84	0
3	85	0
3	86	0
3	87	0
3	88	4
3	89	0
3	90	0
3	91	0
3	92	0
3	93	0
3	94	3
3	95	3
3	96	0
3	97	4
3	98	0
3	99	0
3	100	0
3	101	0
3	102	0
3	103	0
3	104	0
3	105	0
3	106	0
3	107	4
3	108	0
3	109	0
3	110	0
3	111	5
3	112	0
3	113	0
3	114	3
3	115	3
3	116	0
3	117	0
3	118	0
3	119	0
3	120	0
3	121	5
3	122	0
3	123	0
3	124	4
3	125	0
3	126	0
3	127	0
3	128	5
3	129	5
3	130	5
3	131	5
3	132	0
3	133	0
3	134	0
3	135	0
3	136	0
3	137	5
3	138	4
3	139	0
3	140	0
3	141	0
3	142	5
3	143	0
3	144	0
3	145	0
3	146	0
3	147	5
3	148	5
3	149	0
3	150	4
4	1	0
4	2	2
4	3	3
4	4	0
4	5	3
4	6	0
4	7	0
4	8	4
4	9	0
4	10	4
4	11	0
4	12	3
4	13	0
4	14	0
4	15	4
4	16	0
4	17	0
4	18	0
4	19	0
4	20	0
4	21	4
4	22	0
4	23	0
4	24	4,5
4	25	0
4	26	0
4	27	0
4	28	0
4	29	0
4	30	3,5
4	31	0
4	32	0
4	33	2,5
4	34	0
4	35	0
4	36	3,5
4	37	0
4	38	3
4	39	0
4	40	0
4	41	0
4	42	4
4	43	0
4	44	0
4	45	3
4	46	0
4	47	0
4	48	0
4	49	0
4	50	0
4	51	3,5
4	52	0
4	53	4
4	54	0
4	55	0
4	56	0
4	57	0
4	58	4,5
4	59	2,5
4	60	3,5
4	61	4
4	62	4
4	63	0
4	64	5
4	65	5
4	66	0
4	67	3,5
4	68	0
4	69	0
4	70	0
4	71	0
4	72	4
4	73	4
4	74	0
4	75	3
4	76	3
4	77	0
4	78	3,5
4	79	0
4	80	4
4	81	0
4	82	4,5
4	83	0
4	84	4,5
4	85	0
4	86	0
4	87	0
4	88	4
4	89	0
4	90	0
4	91	0
4	92	0
4	93	0
4	94	0
4	95	3
4	96	0
4	97	2,5
4	98	0
4	99	0
4	100	0
4	101	0
4	102	0
4	103	4
4	104	0
4	105	3,5
4	106	0
4	107	0
4	108	0
4	109	0
4	110	0
4	111	0
4	112	0
4	113	0
4	114	0
4	115	0
4	116	0
4	117	3,5
4	118	5
4	119	4,5
4	120	1
4	121	4,5
4	122	0
4	123	0
4	124	4
4	125	5
4	126	4,5
4	127	0
4	128	0
4	129	0
4	130	4
4	131	4
4	132	3
4	133	0
4	134	3,5
4	135	0
4	136	3,5
4	137	0
4	138	0
4	139	3,5
4	140	3,5
4	141	5
4	142	4
4	143	4,5
4	144	0
4	145	0
4	146	0
4	147	0
4	148	0
4	149	0
4	150	0
5	1	3
5	2	3
5	3	3
5	4	2,5
5	5	3
5	6	2
5	7	0
5	8	4
5	9	0
5	10	5
5	11	5
5	12	2
5	13	0
5	14	0
5	15	5
5	16	0
5	17	3
5	18	0
5	19	0
5	20	1
5	21	3
5	22	0
5	23	0
5	24	2
5	25	0
5	26	2
5	27	0
5	28	0
5	29	1
5	30	2
5	31	0
5	32	0
5	33	3,5
5	34	0
5	35	2
5	36	3,5
5	37	0
5	38	3
5	39	3,5
5	40	3
5	41	5
5	42	0
5	43	0
5	44	0
5	45	0
5	46	0
5	47	0
5	48	5
5	49	1
5	50	0
5	51	4
5	52	0
5	53	0
5	54	0
5	55	3
5	56	4,5
5	57	3
5	58	4
5	59	3
5	60	1
5	61	1
5	62	4
5	63	3,5
5	64	4
5	65	4,5
5	66	0
5	67	4
5	68	1
5	69	1
5	70	1
5	71	1
5	72	4,5
5	73	5
5	74	0
5	75	4,5
5	76	1
5	77	5
5	78	3,5
5	79	0
5	80	0
5	81	2,5
5	82	0
5	83	0
5	84	0
5	85	5
5	86	0
5	87	2
5	88	3,5
5	89	2
5	90	0
5	91	0
5	92	3,5
5	93	0
5	94	0
5	95	3,5
5	96	0
5	97	3
5	98	0
5	99	3,5
5	100	0
5	101	0
5	102	0
5	103	3,5
5	104	0
5	105	1
5	106	1
5	107	1
5	108	4
5	109	2
5	110	3
5	111	0
5	112	0
5	113	1
5	114	0
5	115	0
5	116	4,5
5	117	1
5	118	3,5
5	119	5
5	120	2
5	121	3,5
5	122	2
5	123	0
5	124	1
5	125	5
5	126	3,5
5	127	2
5	128	5
5	129	3,5
5	130	4
5	131	3
5	132	0
5	133	0
5	134	0
5	135	5
5	136	0
5	137	3
5	138	1
5	139	1
5	140	4
5	141	4,5
5	142	3
5	143	3
5	144	0
5	145	0
5	146	2
5	147	0
5	148	4,5
5	149	0
5	150	0
6	1	0
6	2	3
6	3	3
6	4	0
6	5	3
6	6	5
6	7	5
6	8	3,5
6	9	4
6	10	4
6	11	4
6	12	3,5
6	13	0
6	14	0
6	15	3
6	16	4,5
6	17	4
6	18	0
6	19	0
6	20	0
6	21	0
6	22	4
6	23	0
6	24	3,5
6	25	0
6	26	2,5
6	27	4
6	28	0
6	29	0
6	30	3,5
6	31	3
6	32	4
6	33	4
6	34	4
6	35	4
6	36	4,5
6	37	0
6	38	4,5
6	39	4,5
6	40	0
6	41	5
6	42	4
6	43	3,5
6	44	2,5
6	45	3
6	46	0
6	47	0
6	48	0
6	49	0
6	50	0
6	51	4
6	52	0
6	53	4
6	54	0
6	55	3,5
6	56	4
6	57	0
6	58	5
6	59	0
6	60	3
6	61	3
6	62	4
6	63	0
6	64	4,5
6	65	4,5
6	66	5
6	67	0
6	68	0
6	69	0
6	70	0
6	71	3
6	72	5
6	73	5
6	74	4
6	75	4
6	76	3
6	77	3,5
6	78	0
6	79	0
6	80	0
6	81	0
6	82	0
6	83	0
6	84	0
6	85	0
6	86	4
6	87	0
6	88	3
6	89	0
6	90	0
6	91	0
6	92	0
6	93	0
6	94	4
6	95	3
6	96	0
6	97	4
6	98	3,5
6	99	3,5
6	100	4,5
6	101	0
6	102	0
6	103	4
6	104	0
6	105	0
6	106	0
6	107	0
6	108	4
6	109	0
6	110	0
6	111	0
6	112	0
6	113	0
6	114	0
6	115	0
6	116	0
6	117	0
6	118	4
6	119	4,5
6	120	0
6	121	0
6	122	0
6	123	0
6	124	3
6	125	4,5
6	126	4,5
6	127	0
6	128	4,5
6	129	3,5
6	130	3,5
6	131	0
6	132	0
6	133	0
6	134	0
6	135	4
6	136	0
6	137	0
6	138	0
6	139	0
6	140	4
6	141	4,5
6	142	3
6	143	0
6	144	0
6	145	0
6	146	0
6	147	0
6	148	4
6	149	0
6	150	0
7	1	3
7	2	1
7	3	2
7	4	2
7	5	4
7	6	4
7	7	4
7	8	3
7	9	2
7	10	3,5
7	11	2,5
7	12	1,5
7	13	1
7	14	3
7	15	3,5
7	16	2
7	17	2
7	18	0
7	19	0
7	20	3
7	21	3
7	22	3,5
7	23	0
7	24	4
7	25	4
7	26	1
7	27	3
7	28	0
7	29	0
7	30	0
7	31	0
7	32	0
7	33	2
7	34	0
7	35	4
7	36	2
7	37	0
7	38	2
7	39	3
7	40	0
7	41	4,5
7	42	0
7	43	5
7	44	3
7	45	2
7	46	0
7	47	0
7	48	3
7	49	1
7	50	0
7	51	4
7	52	0
7	53	4
7	54	0
7	55	2
7	56	5
7	57	2
7	58	4
7	59	3
7	60	3,5
7	61	5
7	62	4
7	63	2
7	64	2
7	65	3,5
7	66	3
7	67	3
7	68	0
7	69	2
7	70	2
7	71	2
7	72	5
7	73	5
7	74	3
7	75	3,5
7	76	3
7	77	0
7	78	3
7	79	0
7	80	4
7	81	4
7	82	3
7	83	3
7	84	4
7	85	4
7	86	0
7	87	3
7	88	4
7	89	3
7	90	1
7	91	0
7	92	5
7	93	0
7	94	0
7	95	4
7	96	4
7	97	4
7	98	0
7	99	2
7	100	0
7	101	0
7	102	3
7	103	3
7	104	0
7	105	3,5
7	106	0
7	107	0
7	108	3
7	109	3
7	110	3
7	111	1
7	112	2
7	113	1
7	114	0
7	115	2,5
7	116	1
7	117	3
7	118	3
7	119	4
7	120	0
7	121	3
7	122	1
7	123	3
7	124	2
7	125	3
7	126	3
7	127	0
7	128	3
7	129	0
7	130	5
7	131	0
7	132	0
7	133	2
7	134	2
7	135	4,5
7	136	2
7	137	3,5
7	138	0
7	139	3
7	140	4
7	141	4
7	142	3
7	143	5
7	144	0
7	145	2
7	146	2
7	147	0
7	148	4
7	149	0
7	150	2
8	1	0
8	2	2
8	3	2
8	4	0
8	5	1
8	6	5
8	7	5
8	8	3
8	9	0
8	10	0
8	11	0
8	12	4
8	13	0
8	14	0
8	15	0
8	16	0
8	17	0
8	18	0
8	19	0
8	20	0
8	21	5
8	22	0
8	23	0
8	24	0
8	25	0
8	26	0
8	27	4
8	28	0
8	29	3
8	30	0
8	31	0
8	32	0
8	33	2
8	34	0
8	35	5
8	36	4
8	37	0
8	38	5
8	39	0
8	40	3
8	41	5
8	42	0
8	43	0
8	44	0
8	45	2
8	46	2
8	47	0
8	48	1
8	49	1
8	50	0
8	51	3
8	52	3
8	53	3
8	54	1
8	55	5
8	56	5
8	57	0
8	58	0
8	59	0
8	60	0
8	61	0
8	62	0
8	63	2
8	64	1
8	65	4
8	66	5
8	67	1
8	68	0
8	69	1
8	70	1
8	71	4
8	72	0
8	73	0
8	74	0
8	75	5
8	76	4
8	77	1
8	78	2
8	79	0
8	80	0
8	81	5
8	82	1
8	83	0
8	84	0
8	85	0
8	86	0
8	87	0
8	88	3
8	89	0
8	90	5
8	91	0
8	92	0
8	93	1
8	94	1
8	95	1
8	96	0
8	97	0
8	98	0
8	99	5
8	100	0
8	101	0
8	102	0
8	103	0
8	104	0
8	105	3
8	106	5
8	107	0
8	108	1
8	109	3
8	110	4
8	111	3
8	112	0
8	113	5
8	114	2
8	115	5
8	116	4
8	117	1
8	118	5
8	119	0
8	120	0
8	121	4
8	122	0
8	123	0
8	124	5
8	125	5
8	126	5
8	127	1
8	128	5
8	129	2
8	130	4
8	131	0
8	132	0
8	133	0
8	134	0
8	135	0
8	136	0
8	137	0
8	138	0
8	139	0
8	140	0
8	141	0
8	142	0
8	143	4
8	144	0
8	145	0
8	146	1
8	147	0
8	148	5
8	149	0
8	150	0
9	1	4
9	2	5
9	3	4
9	4	0
9	5	2
9	6	5
9	7	5
9	8	5
9	9	0
9	10	5
9	11	5
9	12	3
9	13	0
9	14	0
9	15	4
9	16	5
9	17	0
9	18	0
9	19	0
9	20	0
9	21	4
9	22	0
9	23	0
9	24	3
9	25	3
9	26	0
9	27	4
9	28	0
9	29	4
9	30	0
9	31	0
9	32	0
9	33	3
9	34	0
9	35	2
9	36	5
9	37	0
9	38	4
9	39	5
9	40	5
9	41	3
9	42	0
9	43	5
9	44	3,5
9	45	3,5
9	46	0
9	47	0
9	48	4
9	49	0
9	50	0
9	51	4
9	52	0
9	53	5
9	54	0
9	55	0
9	56	5
9	57	3,5
9	58	5
9	59	3,5
9	60	4
9	61	4
9	62	4
9	63	1
9	64	4,5
9	65	4
9	66	5
9	67	3,5
9	68	0
9	69	4
9	70	0
9	71	3
9	72	5
9	73	5
9	74	0
9	75	4
9	76	2
9	77	0
9	78	3
9	79	0
9	80	3,5
9	81	0
9	82	3
9	83	0
9	84	2
9	85	4
9	86	0
9	87	4
9	88	5
9	89	0
9	90	0
9	91	0
9	92	3,5
9	93	0
9	94	0
9	95	4
9	96	0
9	97	0
9	98	0
9	99	0
9	100	0
9	101	0
9	102	0
9	103	5
9	104	0
9	105	4
9	106	5
9	107	0
9	108	0
9	109	0
9	110	3,5
9	111	2,5
9	112	3,5
9	113	4
9	114	0
9	115	0
9	116	0
9	117	3
9	118	2
9	119	5
9	120	3,5
9	121	4,5
9	122	0
9	123	0
9	124	2,5
9	125	5
9	126	0
9	127	0
9	128	4
9	129	0
9	130	4,5
9	131	4
9	132	0
9	133	3
9	134	4,5
9	135	0
9	136	0
9	137	3,5
9	138	0
9	139	0
9	140	5
9	141	5
9	142	0
9	143	4
9	144	4,5
9	145	0
9	146	0
9	147	0
9	148	4
9	149	0
9	150	0
10	1	0
10	2	3
10	3	3
10	4	0
10	5	0
10	6	3,5
10	7	3
10	8	5
10	9	4
10	10	5
10	11	3,5
10	12	3,5
10	13	0
10	14	0
10	15	5
10	16	0
10	17	3
10	18	1
10	19	0
10	20	3,5
10	21	3,5
10	22	0
10	23	0
10	24	4,5
10	25	0
10	26	0
10	27	0
10	28	0
10	29	4
10	30	2
10	31	2
10	32	0
10	33	4
10	34	0
10	35	3
10	36	4
10	37	0
10	38	3,5
10	39	3,5
10	40	0
10	41	4,5
10	42	0
10	43	0
10	44	4,5
10	45	4,5
10	46	0
10	47	0
10	48	0
10	49	0
10	50	0
10	51	0
10	52	0
10	53	0
10	54	0
10	55	4
10	56	0
10	57	4,5
10	58	5
10	59	0
10	60	3
10	61	3,5
10	62	5
10	63	2
10	64	0
10	65	4,5
10	66	0
10	67	2,5
10	68	0
10	69	0
10	70	0
10	71	4
10	72	4,5
10	73	5
10	74	4
10	75	5
10	76	1
10	77	0
10	78	2,5
10	79	0
10	80	0
10	81	3,5
10	82	0
10	83	2
10	84	0
10	85	0
10	86	0
10	87	3,5
10	88	4,5
10	89	0
10	90	0
10	91	0
10	92	0
10	93	0
10	94	0
10	95	3,5
10	96	0
10	97	0
10	98	0
10	99	0
10	100	0
10	101	0
10	102	0
10	103	3,5
10	104	0
10	105	1
10	106	0
10	107	0
10	108	0
10	109	4
10	110	2
10	111	3
10	112	3,5
10	113	1
10	114	2
10	115	0
10	116	3
10	117	2
10	118	3
10	119	3,5
10	120	0
10	121	4,5
10	122	0
10	123	0
10	124	4
10	125	4
10	126	4,5
10	127	0
10	128	3,5
10	129	2,5
10	130	0
10	131	0
10	132	0
10	133	1,5
10	134	1,5
10	135	0
10	136	4,5
10	137	2
10	138	0
10	139	0
10	140	4
10	141	4
10	142	4
10	143	3,5
10	144	0
10	145	3
10	146	3
10	147	0
10	148	4
10	149	0
10	150	2
11	1	0
11	2	3
11	3	2
11	4	4
11	5	0
11	6	4
11	7	4
11	8	5
11	9	2
11	10	5
11	11	5
11	12	3
11	13	0
11	14	0
11	15	2
11	16	3
11	17	4
11	18	0
11	19	2
11	20	3
11	21	5
11	22	0
11	23	4
11	24	5
11	25	0
11	26	0
11	27	3
11	28	5
11	29	0
11	30	0
11	31	4
11	32	0
11	33	1
11	34	3
11	35	4
11	36	5
11	37	0
11	38	3
11	39	5
11	40	0
11	41	0
11	42	0
11	43	0
11	44	5
11	45	5
11	46	2
11	47	0
11	48	0
11	49	3
11	50	0
11	51	0
11	52	0
11	53	5
11	54	0
11	55	5
11	56	0
11	57	3
11	58	5
11	59	0
11	60	2
11	61	3
11	62	3
11	63	5
11	64	5
11	65	0
11	66	0
11	67	0
11	68	0
11	69	3
11	70	0
11	71	3
11	72	5
11	73	5
11	74	4
11	75	5
11	76	0
11	77	0
11	78	0
11	79	3
11	80	4
11	81	5
11	82	5
11	83	0
11	84	3
11	85	0
11	86	0
11	87	5
11	88	5
11	89	3
11	90	0
11	91	0
11	92	0
11	93	3
11	94	0
11	95	4
11	96	0
11	97	0
11	98	0
11	99	0
11	100	3
11	101	5
11	102	5
11	103	5
11	104	0
11	105	0
11	106	0
11	107	2
11	108	0
11	109	3
11	110	4
11	111	5
11	112	5
11	113	0
11	114	0
11	115	5
11	116	0
11	117	0
11	118	2
11	119	5
11	120	0
11	121	5
11	122	5
11	123	5
11	124	5
11	125	5
11	126	5
11	127	0
11	128	5
11	129	0
11	130	0
11	131	2
11	132	1
11	133	5
11	134	5
11	135	0
11	136	0
11	137	2
11	138	2
11	139	0
11	140	5
11	141	4
11	142	4
11	143	3
11	144	3
11	145	0
11	146	4
11	147	0
11	148	2
11	149	0
11	150	5
12	1	0
12	2	1
12	3	1
12	4	0
12	5	1
12	6	3
12	7	3
12	8	5
12	9	4
12	10	5
12	11	5
12	12	1
12	13	1
12	14	0
12	15	5
12	16	0
12	17	5
12	18	0
12	19	0
12	20	2
12	21	4
12	22	0
12	23	3
12	24	3
12	25	1
12	26	0
12	27	0
12	28	0
12	29	1
12	30	2
12	31	2
12	32	0
12	33	5
12	34	0
12	35	4
12	36	2
12	37	0
12	38	4
12	39	4
12	40	5
12	41	0
12	42	0
12	43	0
12	44	2
12	45	2
12	46	0
12	47	0
12	48	0
12	49	0
12	50	0
12	51	0
12	52	0
12	53	0
12	54	0
12	55	4
12	56	4
12	57	3
12	58	5
12	59	2
12	60	4
12	61	4
12	62	5
12	63	3
12	64	5
12	65	4
12	66	0
12	67	5
12	68	0
12	69	0
12	70	1
12	71	2
12	72	5
12	73	5
12	74	4
12	75	5
12	76	1
12	77	0
12	78	4
12	79	0
12	80	0
12	81	3
12	82	4
12	83	0
12	84	4
12	85	0
12	86	0
12	87	3
12	88	4
12	89	3
12	90	2
12	91	0
12	92	0
12	93	0
12	94	0
12	95	4
12	96	0
12	97	0
12	98	0
12	99	2
12	100	0
12	101	0
12	102	3
12	103	5
12	104	0
12	105	1
12	106	0
12	107	0
12	108	4
12	109	4
12	110	0
12	111	0
12	112	3
12	113	1
12	114	0
12	115	4
12	116	3
12	117	1
12	118	4
12	119	5
12	120	0
12	121	5
12	122	0
12	123	4
12	124	5
12	125	5
12	126	5
12	127	0
12	128	5
12	129	0
12	130	5
12	131	3
12	132	0
12	133	3
12	134	3
12	135	0
12	136	0
12	137	4
12	138	0
12	139	0
12	140	5
12	141	5
12	142	3
12	143	2
12	144	0
12	145	3
12	146	3
12	147	0
12	148	5
12	149	0
12	150	3
13	1	5
13	2	3
13	3	3
13	4	5
13	5	3
13	6	5
13	7	5
13	8	4
13	9	2
13	10	3
13	11	2
13	12	2
13	13	2
13	14	2
13	15	3
13	16	5
13	17	4
13	18	4
13	19	3
13	20	2
13	21	0
13	22	4
13	23	3
13	24	4
13	25	4
13	26	2
13	27	5
13	28	3
13	29	2
13	30	2
13	31	2
13	32	3
13	33	2
13	34	0
13	35	0
13	36	3
13	37	4
13	38	4
13	39	4
13	40	3
13	41	3
13	42	3
13	43	3
13	44	4
13	45	4
13	46	5
13	47	2
13	48	0
13	49	0
13	50	1
13	51	5
13	52	3
13	53	4
13	54	4
13	55	3
13	56	4
13	57	2
13	58	5
13	59	5
13	60	3
13	61	3
13	62	3
13	63	0
13	64	5
13	65	5
13	66	4
13	67	3
13	68	0
13	69	0
13	70	2
13	71	0
13	72	5
13	73	5
13	74	3
13	75	5
13	76	0
13	77	3
13	78	0
13	79	5
13	80	0
13	81	0
13	82	3
13	83	2
13	84	3
13	85	2
13	86	4
13	87	4
13	88	3
13	89	3
13	90	3
13	91	3
13	92	3
13	93	4
13	94	4
13	95	2
13	96	2
13	97	3
13	98	3
13	99	5
13	100	4
13	101	2
13	102	4
13	103	5
13	104	4
13	105	4
13	106	5
13	107	4
13	108	4
13	109	3
13	110	5
13	111	2
13	112	4
13	113	1
13	114	1
13	115	5
13	116	4
13	117	1
13	118	0
13	119	5
13	120	4
13	121	5
13	122	4
13	123	5
13	124	0
13	125	4
13	126	4
13	127	3
13	128	4
13	129	4
13	130	3
13	131	4
13	132	3
13	133	4
13	134	4
13	135	4
13	136	3
13	137	3
13	138	2
13	139	2
13	140	5
13	141	5
13	142	4
13	143	0
13	144	0
13	145	1
13	146	0
13	147	4
13	148	4
13	149	2
13	150	4
14	1	4
14	2	4
14	3	3
14	4	4
14	5	0
14	6	5
14	7	5
14	8	5
14	9	5
14	10	5
14	11	4
14	12	5
14	13	3
14	14	3
14	15	5
14	16	5
14	17	4
14	18	4
14	19	0
14	20	5
14	21	5
14	22	0
14	23	0
14	24	2
14	25	0
14	26	3
14	27	3
14	28	0
14	29	3
14	30	5
14	31	0
14	32	0
14	33	5
14	34	0
14	35	5
14	36	5
14	37	5
14	38	5
14	39	5
14	40	5
14	41	5
14	42	3
14	43	4
14	44	1
14	45	4
14	46	0
14	47	5
14	48	0
14	49	0
14	50	0
14	51	2
14	52	0
14	53	3
14	54	0
14	55	3
14	56	4
14	57	4
14	58	5
14	59	4
14	60	4
14	61	2
14	62	4
14	63	0
14	64	2
14	65	4
14	66	5
14	67	3
14	68	0
14	69	0
14	70	3
14	71	3
14	72	5
14	73	5
14	74	5
14	75	3
14	76	3
14	77	0
14	78	3
14	79	0
14	80	5
14	81	3
14	82	0
14	83	0
14	84	0
14	85	4
14	86	0
14	87	0
14	88	3
14	89	3
14	90	0
14	91	0
14	92	0
14	93	0
14	94	0
14	95	5
14	96	0
14	97	4
14	98	0
14	99	0
14	100	5
14	101	0
14	102	0
14	103	5
14	104	0
14	105	1
14	106	0
14	107	1
14	108	5
14	109	5
14	110	4
14	111	0
14	112	0
14	113	1
14	114	4
14	115	0
14	116	3
14	117	0
14	118	4
14	119	5
14	120	4
14	121	3
14	122	0
14	123	0
14	124	4
14	125	5
14	126	5
14	127	0
14	128	4
14	129	4
14	130	4
14	131	4
14	132	0
14	133	0
14	134	0
14	135	4
14	136	0
14	137	0
14	138	4
14	139	0
14	140	5
14	141	4
14	142	3
14	143	5
14	144	0
14	145	0
14	146	0
14	147	0
14	148	0
14	149	0
14	150	0
15	1	3
15	2	5
15	3	3
15	4	4
15	5	0
15	6	0
15	7	0
15	8	1
15	9	2
15	10	1
15	11	3
15	12	4
15	13	4
15	14	4
15	15	1
15	16	0
15	17	2
15	18	0
15	19	1
15	20	2
15	21	4
15	22	5
15	23	4
15	24	3
15	25	4
15	26	2
15	27	1
15	28	2
15	29	3
15	30	4
15	31	5
15	32	0
15	33	5
15	34	0
15	35	2
15	36	3
15	37	1
15	38	5
15	39	3
15	40	2
15	41	5
15	42	4
15	43	0
15	44	4
15	45	3
15	46	0
15	47	0
15	48	0
15	49	0
15	50	0
15	51	0
15	52	0
15	53	0
15	54	0
15	55	2
15	56	3
15	57	2
15	58	4
15	59	0
15	60	1
15	61	1
15	62	1
15	63	3
15	64	4
15	65	5
15	66	0
15	67	3
15	68	0
15	69	0
15	70	0
15	71	0
15	72	4
15	73	4
15	74	3
15	75	5
15	76	1
15	77	2
15	78	3
15	79	3
15	80	0
15	81	3
15	82	2
15	83	0
15	84	3
15	85	0
15	86	0
15	87	0
15	88	4
15	89	0
15	90	0
15	91	0
15	92	5
15	93	0
15	94	0
15	95	4
15	96	0
15	97	3
15	98	0
15	99	0
15	100	0
15	101	0
15	102	0
15	103	3
15	104	0
15	105	1
15	106	0
15	107	0
15	108	4
15	109	0
15	110	0
15	111	0
15	112	2
15	113	0
15	114	0
15	115	4
15	116	0
15	117	0
15	118	0
15	119	0
15	120	3
15	121	4
15	122	0
15	123	0
15	124	3
15	125	2
15	126	4
15	127	0
15	128	2
15	129	0
15	130	4
15	131	0
15	132	0
15	133	0
15	134	0
15	135	2
15	136	5
15	137	5
15	138	0
15	139	0
15	140	0
15	141	3
15	142	4
15	143	0
15	144	4
15	145	3
15	146	2
15	147	0
15	148	4
15	149	0
15	150	0
16	1	0
16	2	0
16	3	0
16	4	0
16	5	0
16	6	5
16	7	5
16	8	0
16	9	4
16	10	0
16	11	4
16	12	0
16	13	4
16	14	0
16	15	0
16	16	0
16	17	4,5
16	18	0
16	19	0
16	20	0
16	21	5
16	22	0
16	23	0
16	24	0
16	25	0
16	26	0
16	27	3
16	28	0
16	29	0
16	30	0
16	31	0
16	32	0
16	33	0
16	34	0
16	35	0
16	36	5
16	37	0
16	38	0
16	39	0
16	40	0
16	41	0
16	42	0
16	43	0
16	44	3
16	45	3
16	46	0
16	47	0
16	48	0
16	49	0
16	50	0
16	51	4
16	52	0
16	53	0
16	54	0
16	55	3
16	56	0
16	57	0
16	58	0
16	59	0
16	60	0
16	61	0
16	62	0
16	63	3,5
16	64	4
16	65	0
16	66	0
16	67	3,4
16	68	0
16	69	0
16	70	0
16	71	3,2
16	72	0
16	73	0
16	74	0
16	75	0
16	76	3
16	77	0
16	78	4
16	79	0
16	80	3
16	81	3
16	82	0
16	83	0
16	84	0
16	85	0
16	86	0
16	87	4,7
16	88	4,5
16	89	0
16	90	0
16	91	0
16	92	0
16	93	0
16	94	0
16	95	5
16	96	0
16	97	0
16	98	0
16	99	0
16	100	0
16	101	0
16	102	4
16	103	5
16	104	0
16	105	2
16	106	0
16	107	0
16	108	0
16	109	0
16	110	4
16	111	2,5
16	112	4
16	113	1
16	114	0
16	115	0
16	116	0
16	117	0
16	118	3
16	119	5
16	120	0
16	121	3,5
16	122	0
16	123	0
16	124	3,6
16	125	0
16	126	4
16	127	2
16	128	5
16	129	0
16	130	3,8
16	131	0
16	132	0
16	133	4
16	134	0
16	135	0
16	136	4
16	137	0
16	138	0
16	139	0
16	140	5
16	141	0
16	142	0
16	143	3
16	144	0
16	145	0
16	146	0
16	147	0
16	148	0
16	149	0
16	150	4
17	1	3
17	2	2
17	3	2
17	4	3,5
17	5	3
17	6	5
17	7	5
17	8	4
17	9	4
17	10	5
17	11	5
17	12	4
17	13	3
17	14	0
17	15	4,5
17	16	4
17	17	3,5
17	18	2
17	19	4
17	20	4
17	21	5
17	22	5
17	23	0
17	24	4
17	25	3,5
17	26	3
17	27	5
17	28	3,5
17	29	3,5
17	30	4
17	31	0
17	32	3,5
17	33	4
17	34	4,5
17	35	4
17	36	5
17	37	3
17	38	4,5
17	39	5
17	40	5
17	41	3,5
17	42	3,5
17	43	5
17	44	3,5
17	45	4
17	46	0
17	47	0
17	48	4
17	49	0
17	50	0
17	51	4
17	52	0
17	53	4,5
17	54	0
17	55	3,5
17	56	4
17	57	4
17	58	5
17	59	4
17	60	4
17	61	4
17	62	4
17	63	3,5
17	64	5
17	65	5
17	66	5
17	67	4
17	68	0
17	69	0
17	70	3,5
17	71	3
17	72	5
17	73	5
17	74	5
17	75	5
17	76	2
17	77	5
17	78	4
17	79	4,5
17	80	0
17	81	4
17	82	4
17	83	0
17	84	3,5
17	85	4
17	86	0
17	87	4
17	88	4,5
17	89	3,5
17	90	0
17	91	0
17	92	0
17	93	4
17	94	4
17	95	3
17	96	3
17	97	5
17	98	0
17	99	4
17	100	4
17	101	0
17	102	4
17	103	5
17	104	0
17	105	4
17	106	0
17	107	0
17	108	4,5
17	109	4
17	110	4
17	111	0
17	112	4
17	113	3,5
17	114	3,5
17	115	4
17	116	4
17	117	0
17	118	4
17	119	5
17	120	4
17	121	4
17	122	3,5
17	123	4
17	124	4,5
17	125	5
17	126	5
17	127	0
17	128	4
17	129	5
17	130	5
17	131	3,5
17	132	3,5
17	133	3,5
17	134	0
17	135	5
17	136	3,5
17	137	4
17	138	3,5
17	139	3,5
17	140	4
17	141	5
17	142	3,5
17	143	4
17	144	5
17	145	0
17	146	4
17	147	0
17	148	4
17	149	0
17	150	0
20	1	0
20	2	2
20	3	2
20	4	3
20	5	0
20	6	0
20	7	0
20	8	4
20	9	3
20	10	5
20	11	5
20	12	4
20	13	3
20	14	0
20	15	4
20	16	4
20	17	3
20	18	0
20	19	0
20	20	0
20	21	4
20	22	0
20	23	0
20	24	4
20	25	3
20	26	0
20	27	0
20	28	0
20	29	4
20	30	0
20	31	0
20	32	0
20	33	4
20	34	0
20	35	5
20	36	5
20	37	0
20	38	3
20	39	4,5
20	40	4,5
20	41	1,5
20	42	0
20	43	0
20	44	2,5
20	45	3,5
20	46	0
20	47	0
20	48	4
20	49	0
20	50	0
20	51	3,5
20	52	1,5
20	53	4,5
20	54	0
20	55	2,5
20	56	3
20	57	1,5
20	58	5
20	59	2
20	60	1,5
20	61	1
20	62	1,5
20	63	0
20	64	4,5
20	65	4
20	66	3
20	67	4,5
20	68	0
20	69	0
20	70	3
20	71	2,5
20	72	5
20	73	5
20	74	0
20	75	3
20	76	2,5
20	77	0
20	78	4
20	79	0
20	80	3,5
20	81	0
20	82	5
20	83	0
20	84	5
20	85	4,5
20	86	0
20	87	2,5
20	88	3
20	89	3
20	90	4
20	91	0
20	92	0
20	93	0
20	94	3,5
20	95	2
20	96	0
20	97	0
20	98	0
20	99	3,5
20	100	0
20	101	0
20	102	2
20	103	2,5
20	104	0
20	105	0
20	106	0
20	107	0
20	108	3
20	109	0
20	110	3,5
20	111	2,5
20	112	3
20	113	0
20	114	4
20	115	3
20	116	0
20	117	2
20	118	4,5
20	119	3,5
20	120	0
20	121	4
20	122	4,5
20	123	0
20	124	3
20	125	5
20	126	5
20	127	0
20	128	4,5
20	129	4,5
20	130	3,5
20	131	4
20	132	0
20	133	3
20	134	3,5
20	135	4,5
20	136	3,5
20	137	4
20	138	0
20	139	0
20	140	2
20	141	3,5
20	142	3,5
20	143	4,5
20	144	0
20	145	0
20	146	1,5
20	147	0
20	148	3,5
20	149	0
20	150	4
21	1	0
21	2	3
21	3	3
21	4	0
21	5	0
21	6	4
21	7	4
21	8	5
21	9	3
21	10	5
21	11	2
21	12	4
21	13	3
21	14	0
21	15	5
21	16	4
21	17	3
21	18	0
21	19	0
21	20	0
21	21	5
21	22	3
21	23	0
21	24	4
21	25	0
21	26	0
21	27	4
21	28	0
21	29	3
21	30	0
21	31	0
21	32	0
21	33	4
21	34	0
21	35	5
21	36	4
21	37	0
21	38	4
21	39	4
21	40	3
21	41	4
21	42	0
21	43	4
21	44	4
21	45	5
21	46	0
21	47	0
21	48	0
21	49	0
21	50	0
21	51	0
21	52	0
21	53	3
21	54	0
21	55	4
21	56	0
21	57	4
21	58	3
21	59	3
21	60	5
21	61	5
21	62	5
21	63	4
21	64	4
21	65	3
21	66	0
21	67	5
21	68	0
21	69	0
21	70	0
21	71	0
21	72	3
21	73	3
21	74	4
21	75	4
21	76	3
21	77	0
21	78	4
21	79	0
21	80	3
21	81	0
21	82	4
21	83	0
21	84	4
21	85	0
21	86	0
21	87	3
21	88	4
21	89	0
21	90	3
21	91	0
21	92	0
21	93	0
21	94	0
21	95	3
21	96	0
21	97	0
21	98	0
21	99	0
21	100	0
21	101	0
21	102	3
21	103	3
21	104	0
21	105	2
21	106	0
21	107	0
21	108	0
21	109	2
21	110	4
21	111	0
21	112	3
21	113	2
21	114	0
21	115	4
21	116	0
21	117	1
21	118	4
21	119	3
21	120	4
21	121	3
21	122	2
21	123	2
21	124	5
21	125	5
21	126	2
21	127	0
21	128	2
21	129	0
21	130	4
21	131	4
21	132	0
21	133	3
21	134	4
21	135	4
21	136	4
21	137	0
21	138	0
21	139	0
21	140	3
21	141	4
21	142	3
21	143	1
21	144	3
21	145	0
21	146	1
21	147	0
21	148	4
21	149	0
21	150	3
22	1	4
22	2	4
22	3	3
22	4	1
22	5	2
22	6	4
22	7	2,5
22	8	1
22	9	3
22	10	0
22	11	0
22	12	4
22	13	2
22	14	1
22	15	1
22	16	0
22	17	3
22	18	2
22	19	0
22	20	0
22	21	3
22	22	0
22	23	0
22	24	3,5
22	25	4
22	26	1
22	27	2
22	28	0
22	29	2
22	30	0
22	31	0
22	32	0
22	33	3,5
22	34	0
22	35	4
22	36	3
22	37	0
22	38	4,5
22	39	0
22	40	3,5
22	41	0
22	42	3
22	43	0
22	44	4
22	45	2,5
22	46	0
22	47	0
22	48	0
22	49	1,5
22	50	0
22	51	0
22	52	0
22	53	0
22	54	0
22	55	3
22	56	4,5
22	57	4
22	58	2
22	59	1,5
22	60	0
22	61	0
22	62	0
22	63	3,5
22	64	3
22	65	0
22	66	0
22	67	3,5
22	68	0
22	69	1
22	70	1
22	71	2
22	72	3
22	73	3
22	74	4
22	75	4,5
22	76	2
22	77	0
22	78	4,5
22	79	0
22	80	3,5
22	81	3
22	82	0
22	83	0
22	84	0
22	85	0
22	86	0
22	87	2
22	88	3,5
22	89	0
22	90	0
22	91	0
22	92	0
22	93	0
22	94	0
22	95	3
22	96	0
22	97	0
22	98	0
22	99	1,5
22	100	0
22	101	1
22	102	2
22	103	1
22	104	0
22	105	5
22	106	1
22	107	1
22	108	3
22	109	2
22	110	3
22	111	0
22	112	2
22	113	1
22	114	0
22	115	0
22	116	2
22	117	2
22	118	1
22	119	0
22	120	0
22	121	3,5
22	122	3
22	123	0
22	124	1
22	125	0
22	126	0
22	127	1,5
22	128	3
22	129	4
22	130	5
22	131	0
22	132	0
22	133	2
22	134	3
22	135	4
22	136	2,5
22	137	0
22	138	0
22	139	0
22	140	1
22	141	0
22	142	0
22	143	5
22	144	0
22	145	3
22	146	2
22	147	0
22	148	0
22	149	0
22	150	2
23	1	0
23	2	2
23	3	3
23	4	0
23	5	2
23	6	4
23	7	4
23	8	4
23	9	3
23	10	4
23	11	0
23	12	3
23	13	4
23	14	0
23	15	4
23	16	0
23	17	3
23	18	0
23	19	0
23	20	0
23	21	5
23	22	0
23	23	0
23	24	3
23	25	0
23	26	0
23	27	3
23	28	0
23	29	0
23	30	4
23	31	0
23	32	0
23	33	5
23	34	0
23	35	0
23	36	5
23	37	0
23	38	5
23	39	0
23	40	0
23	41	0
23	42	0
23	43	0
23	44	3
23	45	3
23	46	0
23	47	0
23	48	0
23	49	0
23	50	0
23	51	0
23	52	0
23	53	0
23	54	0
23	55	4
23	56	0
23	57	4
23	58	5
23	59	0
23	60	3
23	61	5
23	62	5
23	63	0
23	64	0
23	65	4
23	66	0
23	67	4
23	68	0
23	69	0
23	70	0
23	71	4
23	72	5
23	73	5
23	74	0
23	75	5
23	76	2
23	77	0
23	78	5
23	79	0
23	80	0
23	81	4
23	82	0
23	83	0
23	84	0
23	85	0
23	86	0
23	87	0
23	88	4
23	89	3
23	90	0
23	91	0
23	92	0
23	93	0
23	94	0
23	95	3
23	96	0
23	97	0
23	98	0
23	99	0
23	100	0
23	101	0
23	102	0
23	103	5
23	104	0
23	105	5
23	106	0
23	107	0
23	108	0
23	109	3
23	110	0
23	111	0
23	112	0
23	113	1
23	114	0
23	115	3
23	116	0
23	117	0
23	118	5
23	119	5
23	120	0
23	121	5
23	122	0
23	123	0
23	124	3
23	125	0
23	126	4
23	127	0
23	128	4
23	129	0
23	130	3
23	131	0
23	132	0
23	133	0
23	134	0
23	135	0
23	136	0
23	137	0
23	138	0
23	139	0
23	140	4
23	141	0
23	142	4
23	143	4
23	144	0
23	145	0
23	146	2
23	147	0
23	148	0
23	149	0
23	150	0
24	1	5
24	2	4
24	3	4
24	4	3
24	5	4
24	6	4
24	7	4
24	8	5
24	9	5
24	10	5
24	11	4
24	12	4
24	13	3
24	14	3
24	15	5
24	16	4
24	17	5
24	18	2
24	19	3
24	20	3
24	21	5
24	22	3
24	23	4
24	24	5
24	25	3
24	26	4
24	27	5
24	28	3
24	29	3
24	30	5
24	31	4
24	32	2
24	33	4
24	34	2
24	35	5
24	36	5
24	37	2
24	38	5
24	39	4
24	40	5
24	41	4
24	42	3
24	43	3
24	44	5
24	45	4
24	46	4
24	47	3
24	48	5
24	49	3
24	50	3
24	51	2
24	52	2
24	53	2
24	54	3
24	55	4
24	56	5
24	57	5
24	58	5
24	59	5
24	60	5
24	61	5
24	62	5
24	63	5
24	64	5
24	65	5
24	66	5
24	67	5
24	68	4
24	69	3
24	70	5
24	71	5
24	72	5
24	73	5
24	74	5
24	75	5
24	76	5
24	77	5
24	78	5
24	79	3
24	80	5
24	81	5
24	82	5
24	83	5
24	84	4
24	85	5
24	86	3
24	87	4
24	88	5
24	89	5
24	90	4
24	91	3
24	92	4
24	93	4
24	94	3
24	95	4
24	96	4
24	97	5
24	98	4
24	99	5
24	100	3
24	101	3
24	102	5
24	103	5
24	104	5
24	105	5
24	106	3
24	107	4
24	108	5
24	109	5
24	110	5
24	111	4
24	112	5
24	113	4
24	114	4
24	115	5
24	116	5
24	117	5
24	118	5
24	119	5
24	120	3
24	121	5
24	122	5
24	123	5
24	124	5
24	125	5
24	126	5
24	127	5
24	128	5
24	129	5
24	130	5
24	131	5
24	132	4
24	133	5
24	134	5
24	135	5
24	136	5
24	137	4
24	138	3
24	139	4
24	140	5
24	141	5
24	142	5
24	143	5
24	144	5
24	145	4
24	146	5
24	147	4
24	148	5
24	149	4
24	150	5
25	1	0
25	2	3
25	3	0
25	4	4
25	5	0
25	6	0
25	7	0
25	8	4
25	9	0
25	10	5
25	11	4
25	12	2
25	13	0
25	14	4
25	15	4
25	16	0
25	17	3,5
25	18	0
25	19	3
25	20	0
25	21	4
25	22	0
25	23	0
25	24	4
25	25	0
25	26	0
25	27	0
25	28	0
25	29	3,5
25	30	0
25	31	0
25	32	0
25	33	2
25	34	0
25	35	0
25	36	5
25	37	0
25	38	0
25	39	0
25	40	3
25	41	0
25	42	0
25	43	0
25	44	0
25	45	0
25	46	0
25	47	0
25	48	0
25	49	0
25	50	0
25	51	0
25	52	0
25	53	4
25	54	0
25	55	2
25	56	0
25	57	2
25	58	5
25	59	2
25	60	3
25	61	2
25	62	4
25	63	2
25	64	3,5
25	65	0
25	66	0
25	67	4
25	68	0
25	69	1
25	70	1
25	71	1
25	72	5
25	73	5
25	74	3
25	75	2
25	76	2
25	77	0
25	78	1
25	79	0
25	80	1
25	81	1
25	82	2
25	83	0
25	84	1
25	85	3,5
25	86	0
25	87	2
25	88	3
25	89	2
25	90	3
25	91	0
25	92	3
25	93	0
25	94	0
25	95	2
25	96	0
25	97	0
25	98	0
25	99	3
25	100	4
25	101	1
25	102	2
25	103	4
25	104	0
25	105	5
25	106	0
25	107	1
25	108	4
25	109	0
25	110	3,5
25	111	0
25	112	2
25	113	1
25	114	1
25	115	3
25	116	0
25	117	0
25	118	4
25	119	4
25	120	0
25	121	0
25	122	0
25	123	1
25	124	2
25	125	0
25	126	0
25	127	0
25	128	1
25	129	4,5
25	130	5
25	131	2
25	132	0
25	133	1
25	134	0
25	135	5
25	136	0
25	137	1
25	138	0
25	139	0
25	140	3,5
25	141	0
25	142	1
25	143	3
25	144	0
25	145	1
25	146	0
25	147	0
25	148	4
25	149	0
25	150	2
26	1	0
26	2	2
26	3	2
26	4	0
26	5	3
26	6	3
26	7	4
26	8	4
26	9	3
26	10	4
26	11	2
26	12	4
26	13	2
26	14	2
26	15	4
26	16	0
26	17	0
26	18	2
26	19	0
26	20	0
26	21	4
26	22	4
26	23	2
26	24	5
26	25	0
26	26	0
26	27	0
26	28	0
26	29	3
26	30	4
26	31	0
26	32	0
26	33	4
26	34	0
26	35	5
26	36	4
26	37	0
26	38	4
26	39	5
26	40	5
26	41	5
26	42	4
26	43	4
26	44	2
26	45	3
26	46	0
26	47	0
26	48	5
26	49	2
26	50	0
26	51	5
26	52	3
26	53	5
26	54	2
26	55	3
26	56	4
26	57	0
26	58	4
26	59	2
26	60	5
26	61	5
26	62	5
26	63	4
26	64	5
26	65	5
26	66	5
26	67	5
26	68	3
26	69	0
26	70	3
26	71	2
26	72	5
26	73	5
26	74	4
26	75	3
26	76	2
26	77	0
26	78	5
26	79	4
26	80	2
26	81	3
26	82	5
26	83	0
26	84	5
26	85	3
26	86	5
26	87	5
26	88	4
26	89	3
26	90	3
26	91	2
26	92	4
26	93	0
26	94	4
26	95	4
26	96	5
26	97	5
26	98	0
26	99	0
26	100	4
26	101	0
26	102	5
26	103	5
26	104	0
26	105	4
26	106	0
26	107	0
26	108	3
26	109	5
26	110	5
26	111	3
26	112	5
26	113	4
26	114	0
26	115	4
26	116	4
26	117	3
26	118	5
26	119	5
26	120	0
26	121	4
26	122	5
26	123	5
26	124	5
26	125	5
26	126	5
26	127	0
26	128	4
26	129	2
26	130	4
26	131	0
26	132	5
26	133	5
26	134	4
26	135	4
26	136	2
26	137	4
26	138	0
26	139	0
26	140	4
26	141	5
26	142	3
26	143	5
26	144	0
26	145	0
26	146	3
26	147	0
26	148	4
26	149	0
26	150	5
27	1	3
27	2	1
27	3	1
27	4	2
27	5	2
27	6	5
27	7	5
27	8	1
27	9	1
27	10	1
27	11	3,5
27	12	1
27	13	2
27	14	1
27	15	1
27	16	1,5
27	17	2
27	18	1
27	19	1
27	20	4
27	21	4
27	22	4
27	23	0
27	24	3
27	25	5
27	26	1
27	27	5
27	28	3,5
27	29	1
27	30	0
27	31	0
27	32	5
27	33	2
27	34	0
27	35	4
27	36	4,5
27	37	1
27	38	3
27	39	3
27	40	0
27	41	0
27	42	0
27	43	4,5
27	44	4
27	45	2
27	46	5
27	47	5
27	48	3
27	49	1
27	50	4
27	51	3
27	52	4
27	53	4
27	54	0
27	55	5
27	56	2
27	57	2
27	58	1
27	59	3
27	60	1
27	61	1
27	62	1
27	63	1
27	64	2
27	65	2,5
27	66	4
27	67	3
27	68	1
27	69	5
27	70	2
27	71	5
27	72	1
27	73	1
27	74	0
27	75	2,5
27	76	1,5
27	77	4
27	78	4,5
27	79	1,5
27	80	3,5
27	81	3,5
27	82	2
27	83	0
27	84	1
27	85	1
27	86	4
27	87	4
27	88	3
27	89	0
27	90	3,5
27	91	2
27	92	3,5
27	93	4
27	94	0
27	95	3
27	96	3
27	97	2
27	98	4
27	99	2,5
27	100	2
27	101	1,5
27	102	3
27	103	1
27	104	0
27	105	4,5
27	106	0
27	107	1
27	108	3
27	109	3,5
27	110	3,5
27	111	3,5
27	112	0
27	113	4
27	114	2
27	115	0
27	116	1
27	117	0
27	118	4
27	119	1
27	120	0
27	121	2,5
27	122	2
27	123	3
27	124	4
27	125	1
27	126	1
27	127	2,5
27	128	5
27	129	5
27	130	2
27	131	0
27	132	0
27	133	4
27	134	3
27	135	4
27	136	1
27	137	2
27	138	2
27	139	4
27	140	1
27	141	1,5
27	142	4
27	143	4,5
27	144	3,5
27	145	3,5
27	146	2
27	147	2,5
27	148	5
27	149	1,5
27	150	3,5
28	1	0
28	2	2
28	3	4
28	4	0
28	5	3
28	6	0
28	7	0
28	8	3
28	9	0
28	10	4
28	11	0
28	12	4
28	13	0
28	14	0
28	15	4
28	16	0
28	17	0
28	18	3
28	19	0
28	20	4
28	21	4
28	22	0
28	23	0
28	24	0
28	25	0
28	26	0
28	27	0
28	28	0
28	29	1
28	30	3
28	31	0
28	32	0
28	33	4
28	34	0
28	35	4
28	36	0
28	37	0
28	38	5
28	39	4
28	40	3
28	41	0
28	42	0
28	43	0
28	44	3
28	45	4
28	46	0
28	47	0
28	48	0
28	49	0
28	50	0
28	51	2
28	52	0
28	53	0
28	54	0
28	55	1
28	56	0
28	57	0
28	58	3
28	59	1
28	60	4
28	61	5
28	62	4
28	63	3
28	64	0
28	65	0
28	66	0
28	67	4
28	68	0
28	69	0
28	70	3
28	71	0
28	72	3
28	73	3
28	74	0
28	75	0
28	76	0
28	77	0
28	78	3
28	79	3
28	80	0
28	81	4
28	82	0
28	83	0
28	84	0
28	85	0
28	86	0
28	87	0
28	88	4
28	89	4
28	90	0
28	91	0
28	92	0
28	93	0
28	94	0
28	95	5
28	96	0
28	97	0
28	98	0
28	99	4
28	100	0
28	101	0
28	102	0
28	103	0
28	104	0
28	105	4
28	106	0
28	107	0
28	108	3
28	109	0
28	110	4
28	111	5
28	112	0
28	113	4
28	114	0
28	115	0
28	116	0
28	117	4
28	118	5
28	119	3
28	120	0
28	121	5
28	122	0
28	123	0
28	124	5
28	125	4
28	126	3
28	127	0
28	128	4
28	129	0
28	130	5
28	131	5
28	132	0
28	133	0
28	134	0
28	135	0
28	136	5
28	137	5
28	138	0
28	139	0
28	140	3
28	141	0
28	142	4
28	143	0
28	144	0
28	145	0
28	146	4
28	147	0
28	148	5
28	149	4
28	150	0
29	1	4
29	2	4
29	3	3
29	4	0
29	5	0
29	6	5
29	7	4
29	8	3
29	9	4
29	10	3
29	11	3
29	12	3
29	13	1
29	14	0
29	15	3
29	16	4
29	17	4
29	18	0
29	19	0
29	20	0
29	21	5
29	22	4
29	23	0
29	24	5
29	25	0
29	26	0
29	27	0
29	28	0
29	29	4
29	30	4
29	31	0
29	32	0
29	33	5
29	34	0
29	35	4
29	36	5
29	37	3
29	38	5
29	39	5
29	40	4
29	41	5
29	42	2
29	43	0
29	44	3
29	45	2
29	46	0
29	47	0
29	48	5
29	49	5
29	50	0
29	51	5
29	52	0
29	53	0
29	54	0
29	55	4
29	56	5
29	57	4
29	58	5
29	59	3
29	60	2
29	61	2
29	62	2
29	63	4
29	64	5
29	65	5
29	66	0
29	67	5
29	68	0
29	69	3
29	70	3
29	71	3
29	72	5
29	73	5
29	74	4
29	75	5
29	76	1
29	77	5
29	78	5
29	79	5
29	80	5
29	81	0
29	82	3
29	83	0
29	84	3
29	85	0
29	86	0
29	87	3
29	88	4
29	89	4
29	90	0
29	91	0
29	92	0
29	93	0
29	94	0
29	95	5
29	96	3
29	97	4
29	98	0
29	99	3
29	100	4
29	101	0
29	102	3
29	103	5
29	104	5
29	105	5
29	106	0
29	107	5
29	108	5
29	109	3
29	110	5
29	111	5
29	112	4
29	113	5
29	114	3
29	115	5
29	116	4
29	117	4
29	118	5
29	119	5
29	120	0
29	121	5
29	122	3
29	123	0
29	124	5
29	125	0
29	126	0
29	127	0
29	128	5
29	129	5
29	130	5
29	131	5
29	132	0
29	133	4
29	134	0
29	135	5
29	136	3
29	137	0
29	138	0
29	139	0
29	140	5
29	141	5
29	142	5
29	143	4
29	144	0
29	145	3
29	146	0
29	147	0
29	148	0
29	149	0
29	150	3
30	1	3
30	2	4
30	3	3
30	4	2
30	5	2
30	6	5
30	7	5
30	8	5
30	9	5
30	10	4
30	11	4
30	12	4
30	13	1
30	14	0
30	15	4
30	16	5
30	17	5
30	18	1
30	19	3
30	20	2
30	21	5
30	22	4
30	23	1
30	24	3
30	25	1
30	26	0
30	27	5
30	28	0
30	29	2
30	30	0
30	31	1
30	32	3
30	33	4
30	34	0
30	35	2
30	36	5
30	37	4
30	38	5
30	39	5
30	40	3
30	41	4
30	42	4
30	43	0
30	44	3
30	45	2
30	46	0
30	47	0
30	48	3
30	49	3
30	50	0
30	51	0
30	52	0
30	53	0
30	54	0
30	55	4
30	56	5
30	57	1
30	58	5
30	59	2
30	60	4
30	61	5
30	62	4
30	63	3
30	64	5
30	65	5
30	66	5
30	67	5
30	68	0
30	69	0
30	70	1
30	71	4
30	72	5
30	73	5
30	74	4
30	75	5
30	76	4
30	77	5
30	78	5
30	79	4
30	80	5
30	81	2
30	82	4
30	83	0
30	84	4
30	85	5
30	86	0
30	87	0
30	88	3
30	89	0
30	90	0
30	91	0
30	92	0
30	93	0
30	94	0
30	95	3
30	96	0
30	97	4
30	98	3
30	99	2
30	100	0
30	101	3
30	102	0
30	103	4
30	104	0
30	105	5
30	106	0
30	107	0
30	108	5
30	109	0
30	110	0
30	111	0
30	112	0
30	113	1
30	114	4
30	115	0
30	116	4
30	117	0
30	118	3
30	119	4
30	120	1
30	121	4
30	122	3
30	123	0
30	124	1
30	125	4
30	126	3
30	127	0
30	128	4
30	129	4
30	130	5
30	131	0
30	132	0
30	133	1
30	134	1
30	135	5
30	136	0
30	137	0
30	138	0
30	139	0
30	140	4
30	141	3
30	142	3
30	143	2
30	144	1
30	145	2
30	146	1
30	147	0
30	148	0
30	149	0
30	150	1