item	0	1	2	3	4	5	6	7	8	9	10	11	12	13	14	15	16	17	20	21	22	23	24	25	26	27	28	29	30
1	4	3	4			3		3		4				5	4	3		3			4		5			3		4	3
2	4	3			2	3	3		2	5	3	3		3	4	5		2	2	3	4	2	4	3	2		2	4	4
3	4	3.5			3	3	3	2	2	4	3	2		3	3	3		2	2	3	3	3	4		2		4	3	3
4	4	2.5	3	4		2.5		2				4		5	4	4		3.5	3				3	4		2			2
5		3.5			3	3	3	4		2				3				3			2	2	4		3	2	3		2
6	5	5	4.5			2	5	4	5	5	3.5	4	3	5	5		5	5		4	4	4	4		3	5		5	5
7	4	5					5	4	5	5	3	4	3	5	5		5	5		4	2.5	4	4		4	5		4	5
8	5	5	4		4	4	3.5	3	3	5	5	5	5	4	5			4	4	5		4	5	4	4		3	3	5
9	5	5	4	2			4	2			4	2	4	2	5	2	4	4	3	3	3	3	5		3			4	5
10	4	3.5	4.5		4	5	4	3.5		5	5	5	5	3	5			5	5	5		4	5	5	4		4	3	4
11	3	5	3.5			5	4	2.5		5	3.5	5	5	2	4	3	4	5	5	2			4	4	2	3.5		3	4
12	4	3.5	3	3	3	2	3.5		4	3	3.5	3		2	5	4		4	4	4	4	3	4	2	4		4	3	4
13	4	3												2	3	4	4	3	3	3	2	4	3		2	2			
14	3							3						2	3	4							3	4	2				
15	4	4	3.5		4	5	3	3.5		4	5	2	5	3	5			4.5	4	5		4	5	4	4		4	3	4
16	4						4.5	2		5		3		5	5			4	4	4			4					4	5
17	4	4	4			3	4	2			3	4	5	4	4	2	4.5	3.5	3	3	3	3	5	3.5		2		4	5
18	4	5												4	4			2			2		2		2		3		
19												2		3				4					3	3					3
20	4	2.5						3			3.5	3	2	2	5	2		4					3			4	4		2
21	5	5	4.5	5	4	3		3	5	4	3.5	5	4		5	4	5	5	4	5	3	5	5	4	4	4	4	5	5
22	4	5					4	3.5						4		5		5		3			3		4	4		4	4
23		3										4	3	3		4							4		2				
24	5	5			4.5	2	3.5	4		3	4.5	5	3	4	2	3		4	4	4	3.5	3	5	4	5	3		5	3
25								4		3				4		4		3.5	3		4		3			5			
26	4					2	2.5							2	3	2		3					4						
27	4	5					4	3	4	4		3		5	3		3	5		4	2	3	5			5			5
28												5		3		2		3.5					3			3.5			
29	4								3	4	4			2	3	3		3.5	4	3	2		3	3.5	3			4	2
30	5				3.5	2	3.5				2		2	2	5	4		4				4	5		4		3	4	
31	5						3				2	4	2	2		5							4						
32	4						4							3				3.5					2			5			3
33	4	5	3.5	4	2.5	3.5	4	2	2	3	4		5	2	5	5		4	4	4	3.5	5	4	2	4	2	4	5	4
34	4	4					4					3						4.5					2						
35	5	4.5	3			2	4	4	5	2	3	4	4		5	2		4	5	5	4		5		5	4	4	4	2
36	5	5		5	3.5	3.5	4.5	2	4	5	4	5	2	3	5	3	5	5	5	4	3	5	5	5	4	4.5		5	5
37	4	2												4	5			3					2					3	4
38	4	5		5	3	3	4.5	2	5	4	3.5	3	4	4	5	5		4.5	3	4	4.5	5	5		4	3	5	5	5
39	4	5	4.5			3.5	4.5	3		5	3.5	5	4	4	5	3		5	4.5	4			4		5	3	4	5	5
40	4	4.5				3			3	5			5	3	5	2		5	4.5	3	3.5		5	3	5		3	4	3
41	4	5				5	5	4.5	5	3	4.5			3	5	5		3.5		4			4		5			5	4
42	4	5			4		4							3	3	4		3.5			3		3		4			2	4
43	4						3.5	5		5				3	4			5		4			3		4	4.5			
44	4	3.5		5			2.5	3		3.5	4.5	5	2	4		4	3	3.5	2.5	4	4	3	5		2	4	3	3	3
45	4	2.5		4	3		3	2	2	3.5	4.5	5	2	4	4	3	3	4	3.5	5	2.5	3	4		3	2	4	2	2
46									2			2		5									4			5			
47	4	5												2	5								3			5			
48	4.5	5				5		3		4								4	4				5		5	3		5	3
49												3											3		2			5	3
50	3																						3			4			
51	5	5		5	3.5	4	4	4	3	4				5	2		4	4	3.5				2		5	3	2	5	
52									3					3									2		3	4			
53		3.5			4		4	4	3	5		5		4	3			4.5	4.5	3			2	4	5	4			
54														4									3		2				
55	3	5		5		3	3.5	2	5		4	5	4	3	3	2	3	3.5	2.5	4	3	4	4	2	3	5		4	4
56	5	4	4.5			4.5	4	5	5	5			4	4	4	3		4	3		4.5		5		4	2		5	5
57	3	4				3		2		3.5	4.5	3	3	2	4	2		4		4	4	4	5	2		2		4	
58	5	5	5	4	4.5	4	5	4		5	5	5	5	5	5	4		5	5	3	2	5	5	5	4		3	5	5
59	3	2.5			2.5	3		3		3.5			2	5	4			4	2	3			5	2	2	3		3	2
60	3	4.5			3.5		3	3.5		4	3	2	4	3	4			4		5		3	5	3	5		4	2	4
61	4	4.5			4		3	5		4	3.5	3	4	3	2			4		5		5	5	2	5		5	2	5
62	4	4.5	3.5		4	4	4	4		4	5	3	5	3	4			4		5		5	5	4	5		4	2	4
63	4	5	5	2		3.5		2	2		2	5	3			3	3.5	3.5		4	3.5		5	2	4		3	4	3
64	4	5	4.5		5	4	4.5	2		4.5		5	5	5	2	4	4	5	4.5	4	3		5	3.5	5	2		5	5
65	4	5	5		5	4.5	4.5	3.5	4	4	4.5		4	5	4	5		5	4	3		4	5		5	2.5		5	5
66			5				5	3	5	5				4	5			5	3				5		5	4			5
67	5		4		3.5	4		3		3.5	2.5		5	3	3	3		4	4.5	5	3.5	4	5	4	5	3	4	5	5
68																							4		3				
69								2		4		3											3			5		3	
70		3.5						2						2	3			3.5	3				5		3	2	3	3	
71	3	4	3.5				3	2	4	3	4	3	2		3			3	2.5		2	4	5		2	5		3	4
72	4	4	5	3	4	4.5	5	5		5	4.5	5	5	5	5	4		5	5	3	3	5	5	5	5		3	5	5
73	4	4	5	4	4	5	5	5		5	5	5	5	5	5	4		5	5	3	3	5	5	5	5		3	5	5
74	4	5					4	3			4	4	4	3	5	3		5		4	4		5	3	4			4	4
75	3	5	4	5	3	4.5	4	3.5	5	4	5	5	5	5	3	5		5	3	4	4.5	5	5	2	3	2.5		5	5
76	3	4	3		3		3	3	4	2					3		3	2	2.5	3	2	2	5	2	2				4
77	4	5				5	3.5							3		2		5					5			4		5	5
78	3	5			3.5	3.5		3	2	3	2.5		4		3	3	4	4	4	4	4.5	5	5		5	4.5	3	5	5
79	3	4										3		5		3		4.5					3		4		3	5	4
80	4	5	3		4			4		3.5		4			5		3		3.5	3	3.5		5		2	3.5		5	5
81	3		2			2.5		4	5		3.5	5	3		3	3	3	4			3	4	5		3	3.5	4		2
82	4	5	3		4.5			3		3		5	4	3		2		4	5	4			5	2	5	2		3	4
83								3			2			2									5						
84	4	5	3		4.5			4		2		3	4	3		3		3.5	5	4			4		5			3	4
85	4	5	4.5			5		4		4				2	4			4	4.5				5	3.5	3				5
86	4						4							4									3		5	4			
87		4.5				2		3		4	3.5	5	3	4				4	2.5	3	2		4	2	5	4		3	
88	4	5	4	4	4	3.5	3	4	3	5	4.5	5	4	3	3	4	4.5	4.5	3	4	3.5	4	5	3	4	3	4	4	3
89	4					2		3				3	3	3	3			3.5	3			3	5	2	3		4	4	
90									5				2	3					4	3			4	3	3	3.5			
91														3									3		2	2			
92		5				3.5		5		3.5				3		5							4	3	4	3.5			
93												3		4				4					4			4			
94	4	3.5		3			4							4				4	3.5				3		4				
95	4	5	4	3	3	3.5	3	4		4	3.5	4	4	2	5	4	5	3	2	3	3	3	4	2	4	3	5	5	3
96	4							4						2				3					4		5	3		3	
97	3	5		4	2.5	3	4	4						3	4	3		5					5		5	2		4	4
98	3						3.5							3									4			4			3
99						3.5	3.5	2	5				2	5				4	3.5				5	3		2.5	4	3	2
100	3						4.5					3		4	5			4					3	4	4	2		4	
101	3.5											5		2									3						3
102	4							3				5	3	4			4	4	2	3	2		5	2	5	3		3	
103	4	3	4		4	3.5	4	3		5	3.5	5	5	5	5	3	5	5	2.5	3		5	5	4	5			5	4
104	4													4									5					5	
105	2	5	3		3.5			3.5	3	4				4			2	4		2	5	5	5	5	4	4.5	4	5	5
106	4								5	5				5									3						
107				4								2		4									4					5	
108	3	4.5				4	4	3					4	4	5	4		4.5	3		3		5	4	3	3	3	5	5
109	4					2		3	3		4	3	4	3	5			4		2	2	3	5		5	3.5		3	
110	3	5				3		3	4	3.5	2	4		5	4		4	4	3.5	4	3		5	3.5	5	3.5	4	5	
111				5					3	2.5	3	5		2			2.5		2.5				4		3	3.5	5	5	
112	3.5							2		3.5	3.5	5	3	4		2	4	4	3	3	2		5	2	5			4	
113		5	2						5	4								3.5		2			4		4	4	4	5	
114	3	5		3					2		2				4			3.5	4				4			2		3	4
115	3			3				2.5	5			5	4	5		4		4	3	4		3	5	3	4			5	
116	3	5				4.5			4		3		3	4	3			4			2		5		4			4	4
117					3.5			3		3	2								2		2		5		3		4	4	
118	4	5			5	3.5	4	3	5	2	3	2	4		4		3	4	4.5	4		5	5	4	5	4	5	5	3
119	3	4	4.5		4.5	5	4.5	4		5	3.5	5	5	5	5		5	5	3.5	3		5	5	4	5		3	5	4
120	5					2				3.5				4	4	3		4		4			3						
121	3	4.5	3.5	5	4.5	3.5		3	4	4.5	4.5	5	5	5	3	4	3.5	4	4	3	3.5	5	5		4	2.5	5	5	4
122	3	5				2						5		4				3.5	4.5	2	3		5		5	2		3	3
123	3							3				5	4	5				4		2			5		5	3			
124	4	5		4	4		3	2	5	2.5	4	5	5		4	3		4.5	3	5		3	5	2	5	4	5	5	
125	5	5	5		5	5	4.5	3	5	5	4	5	5	4	5	2		5	5	5			5		5		4		4
126			3.5		4.5	3.5	4.5	3	5		4.5	5	5	4	5	4	4	5	5	2		4	5		5		3		3
127	2.5					2								3			2						5			2.5			
128	4	4	3.5	5		5	4.5	3	5	4	3.5	5	5	4	4	2	5	4	4.5	2	3	4	5		4	5	4	5	4
129	4	4.5	2.5	5		3.5	3.5		2		2.5			4	4			5	4.5		4		5	4.5	2	5		5	4
130	4	5	4.5	5	4	4	3.5	5	4	4.5			5	3	4	4		5	3.5	4	5	3	5	5	4	2	5	5	5
131			4	5	4	3				4		2	3	4	4			3.5	4	4			5	2			5	5	
132	4				3									3				3.5					4		5				
133	3.5							2		3		5	3	4			4	3.5	3	3	2		5		5	4		4	
134		5			3.5			2		4.5		5	3	4					3.5	4	3		5		4	3			
135	4	4				5	4	4.5						4	4	2		5	4.5	4	4		5	5	4	4		5	5
136					3.5			2			4.5			3		5	4	3.5	3.5	4	2.5		5		2		5	3	
137	3.5	5		5		3		3.5		3.5	2	2	4	3		5		4	4				4		4	2	5		
138				4								2		2	4			3.5					3			2			
139	3.5				3.5			3						2				3.5					4			4			
140	4	4	3.5		3.5	4	4	4		5	4	5	5	5	5		5	4	2	3		4	5	3.5	4		3	5	4
141	4	5	3.5		5	4.5	4.5	4		5	4	4	5	5	4	3		5	3.5	4			5		5			5	3
142	3	4.5	3	5	4	3	3	3			4	4	3	4	3	4		3.5	3.5	3		4	5		3	4	4	5	3
143	5	4			4.5	3		5	4	4	3.5	3	2		5		3	4	4.5		5	4	5	3	5	4.5		4	2
144										4.5		3				4		5		3			5			3.5			
145	3.5	4						2			3		3			3					3		4			3.5		3	2
146	4					2		2			3	4	3			2		4			2	2	5		3	2	4		
147	4			5										4									4			2.5			
148	4	4		5		4.5	4	4	5	4	4	2	5	4		4		4	3.5	4			5	4	4	5	5		
149	3													2									4				4		
150	3			4				2			2	5	3	4			4		4	3	2		5	2	5	3.5		3	