item	0	1	2	3	4	5	6	7	8	9	10	11	12	13	14	15	16	17	20	21	22	23	24	25	26	27	28	29	30
1	4	3	4			3		3		4					4	3		3			4		5					4	3
2		3			2	3	3		2	5	3	3	1	3	4	5		2	2	3	4	2	4	3	2	1		4	4
3	4	3.5				3	3	2		4	3	2	1		3					3	3	3	4		2	1	4	3	3
4	4	2.5	3			2.5		2						5	4	4		3.5			1		3			2			2
5		3.5			3	3	3	4	1				1	3				3			2	2	4		3	2			2
6	5	5	4.5			2	5	4	5			4	3	5	5		5	5			4	4	4		3	5		5	
7							5	4	5		3	4	3		5		5	5			2.5	4			4			4	5
8	5	5	4	1		4		3	3	5	5		5	4	5				4	5	1	4	5		4	1	3	3	
9	5	5	4	2			4	2			4	2	4	2	5	2	4	4	3	3	3	3	5			1		4	5
10	4	3.5	4.5		4	5		3.5					5	3	5	1			5			4	5	5	4	1	4	3	
11	3		3.5			5	4	2.5			3.5	5	5	2	4	3	4	5		2			4	4		3.5		3	
12	4	3.5	3	3			3.5	1.5		3	3.5	3		2	5	4		4	4	4		3	4	2	4	1	4	3	
13	4	3						1						2	3		4	3	3	3	2	4	3		2	2		1	1
14	3							3						2	3	4							3	4	2				
15	4	4	3.5			5		3.5		4		2	5					4.5	4	5			5	4	4	1	4	3	4
16	4						4.5	2				3		5	5			4		4			4			1.5		4	5
17	4		4			3	4	2			3	4	5	4		2	4.5				3	3	5					4	
18	4	5									1			4	4			2			2		2		2	1	3		1
19														3		1		4					3			1			3
20	4	2.5				1		3			3.5	3	2	2				4					3			4	4		2
21		5	4.5			3		3	5	4	3.5	5				4	5	5	4		3	5	5	4	4		4	5	5
22	4						4	3.5						4		5		5		3					4	4			
23												4				4							4						1
24	5	5			4.5	2	3.5	4				5	3	4	2	3		4	4	4			5	4	5	3		5	3
25								4		3			1	4		4		3.5	3		4		3			5			1
26						2	2.5	1						2	3	2		3					4			1			
27	4	5					4	3	4	4		3		5		1		5		4	2	3	5			5			5
28												5		3		2		3.5					3						
29	4					1			3	4	4		1	2	3	3		3.5	4	3	2						1	4	2
30	5				3.5	2	3.5						2	2	5			4				4	5		4				
31	5						3				2	4	2	2		5							4						1
32	4						4							3				3.5					2			5			3
33	4	5	3.5	4	2.5	3.5	4	2	2		4	1	5		5	5				4	3.5	5		2	4	2	4	5	4
34	4	4					4											4.5											
35	5					2	4	4	5		3	4	4		5	2			5	5	4		5		5	4	4	4	2
36	5	5		5	3.5	3.5	4.5	2	4	5	4	5		3	5	3	5	5	5	4	3	5	5	5	4			5	5
37	4	2												4	5	1		3					2			1			4
38	4	5			3	3	4.5	2	5		3.5	3	4	4	5	5				4	4.5	5	5		4	3	5	5	5
39	4		4.5			3.5		3		5	3.5	5	4	4	5	3		5		4			4		5	3	4	5	
40	4	4.5							3	5			5	3	5	2		5	4.5	3	3.5		5	3	5		3		3
41	4	5				5	5	4.5	5	3	4.5			3	5	5		3.5	1.5	4			4					5	4
42		5			4		4							3	3			3.5			3		3					2	4
43	4						3.5								4			5		4			3			4.5			
44	4			5				3		3.5	4.5	5	2	4	1	4	3	3.5	2.5	4	4	3	5		2	4	3	3	3
45	4	2.5		4			3	2	2	3.5	4.5	5	2	4	4	3	3	4	3.5	5	2.5		4		3	2		2	2
46									2			2		5												5			
47		5												2	5											5			
48		5						3		4								4					5		5	3			3
49		1.5				1			1			3									1.5				2	1		5	3
50	3													1									3			4			
51	5	5		5	3.5	4		4		4				5	2			4	3.5				2			3		5	
52														3					1.5						3				
53		3.5			4		4	4	3	5		5		4	3				4.5	3			2	4	5	4			
54									1					4									3		2				
55		5		5		3	3.5	2	5		4	5	4	3	3	2	3	3.5	2.5	4	3	4	4	2	3	5	1	4	4
56			4.5			4.5	4		5	5			4		4	3		4	3				5			2		5	5
57	3	4						2		3.5		3	3	2	4	2		4	1.5	4		4		2		2		4	1
58	5	5		4	4.5		5	4			5	5		5	5			5	5	3	2	5	5	5	4	1	3	5	5
59	3	2.5			2.5	3		3		3.5			2	5	4				2		1.5				2	3	1	3	2
60	3	4.5			3.5	1	3	3.5		4	3		4	3	4			4				3	5		5	1	4	2	4
61	4	4.5	1		4	1	3			4	3.5	3	4	3	2	1		4	1	5		5		2	5	1	5	2	5
62	4	4.5	3.5		4	4	4	4		4		3	5	3				4	1.5	5		5		4	5	1	4		4
63	4		5	2		3.5			2	1	2					3	3.5	3.5		4	3.5		5	2	4	1	3	4	
64	4	5	4.5		5	4		2		4.5		5	5	5	2		4	5	4.5	4	3		5	3.5	5			5	
65	4	5			5	4.5	4.5	3.5	4	4						5		5	4	3		4	5		5			5	5
66			5				5	3	5	5				4					3				5		5	4			5
67	5							3	1	3.5	2.5			3	3	3	3.4	4	4.5	5	3.5	4	5		5			5	5
68						1																	4		3				
69								2	1	4											1		3	1				3	
70								2					1	2	3			3.5	3		1			1	3	2	3	3	
71	3	4	3.5			1	3	2	4	3	4	3	2		3		3.2							1	2			3	4
72	4		5	3		4.5				5	4.5		5	5		4		5	5	3	3			5	5	1	3	5	5
73	4	4	5	4	4	5	5	5		5	5	5	5		5			5			3	5			5	1	3	5	5
74	4	5					4	3			4	4		3	5	3				4	4		5	3				4	4
75	3	5		5	3	4.5	4	3.5	5	4	5		5	5				5	3	4	4.5	5	5	2		2.5			
76		4	3		3	1	3	3	4	2			1		3	1	3	2	2.5		2	2		2	2	1.5		1	4
77	4					5	3.5		1					3		2							5			4		5	5
78	3	5	1.5		3.5	3.5				3	2.5					3	4		4	4	4.5	5	5	1	5	4.5	3	5	5
79	3	4										3		5		3		4.5					3				3	5	4
80	4	5	3		4			4		3.5		4			5		3		3.5	3	3.5				2				5
81						2.5		4	5		3.5	5	3		3	3	3				3	4	5	1	3	3.5	4		
82	4	5	3		4.5			3	1	3		5				2			5	4			5	2		2		3	4
83								3			2			2															
84		5	3		4.5			4		2		3	4	3		3		3.5	5	4			4	1	5	1		3	
85	4	5	4.5			5		4		4				2	4			4	4.5				5	3.5	3	1			5
86	4													4									3		5	4			
87		4.5						3		4	3.5		3	4				4	2.5	3			4	2	5	4		3	
88	4	5	4	4	4	3.5	3	4	3	5	4.5		4	3	3	4	4.5	4.5	3	4	3.5		5	3			4		
89		1.5				2		3				3		3	3			3.5	3			3		2			4	4	
90								1	5				2	3					4	3			4			3.5			
91																							3						
92		5				3.5				3.5						5							4	3		3.5			
93									1			3		4				4					4			4			
94				3			4		1					4				4	3.5				3		4				
95	4	5		3	3	3.5	3	4	1	4	3.5	4	4	2	5	4		3	2	3	3	3	4		4	3			3
96														2				3					4		5	3		3	
97	3	5				3									4	3							5		5	2			4
98							3.5																4			4			3
99						3.5	3.5	2	5				2	5				4	3.5				5	3		2.5	4	3	2
100	3						4.5					3		4	5			4					3	4	4	2		4	
101	3.5											5		2									3			1.5			3
102								3				5	3				4	4	2		2		5	2	5	3		3	
103	4	3	4		4			3		5	3.5	5		5		3		5	2.5	3	1	5		4	5	1		5	4
104	4																						5						
105	2	5	3		3.5	1		3.5	3	4	1		1	4	1	1	2	4		2		5	5	5	4	4.5	4		5
106						1			5	5				5							1		3						
107												2		4	1						1			1		1		5	
108	3	4.5				4	4	3	1				4	4	5	4		4.5	3		3		5	4	3	3	3	5	5
109	4					2			3		4		4	3				4		2	2					3.5			
110	3	5						3	4			4		5				4	3.5		3		5	3.5	5	3.5		5	
111				5				1		2.5	3	5		2			2.5		2.5				4		3	3.5	5	5	
112	3.5							2		3.5			3	4		2		4	3	3			5	2	5			4	
113		5	2			1			5	4	1				1		1	3.5		2	1		4	1	4		4	5	1
114	3	5							2		2			1				3.5					4	1		2		3	4
115	3			3				2.5				5		5		4			3	4		3		3	4			5	
116	3	5							4		3		3	4	3			4			2		5		4	1		4	4
117						1		3		3				1					2	1	2		5		3		4	4	
118	4	5			5	3.5	4	3			3	2	4		4		3	4	4.5		1	5	5	4		4			3
119	3		4.5		4.5	5		4		5	3.5	5	5	5	5		5	5	3.5	3			5	4	5	1	3		4
120					1					3.5						3		4		4			3						1
121		4.5	3.5	5	4.5	3.5		3	4	4.5	4.5	5	5	5	3		3.5	4	4	3	3.5	5	5			2.5	5	5	4
122		5				2						5		4				3.5	4.5				5		5	2		3	3
123	3												4					4		2			5	1	5	3			
124	4	5	1	4	4	1	3		5	2.5	4	5	5		4	3	3.6	4.5	3	5	1	3		2	5	4			
125	5		5		5	5	4.5	3	5		4	5	5	4	5	2		5	5	5			5		5	1	4		4
126			3.5		4.5		4.5	3			4.5	5	5	4		4	4		5	2		4	5		5	1	3		3
127	2.5					2			1					3			2				1.5		5						
128	4	4	3.5			5	4.5	3		4	3.5	5	5	4	4		5		4.5	2		4	5	1	4	5	4	5	
129	4	4.5	2.5	5		3.5	3.5		2						4			5	4.5		4		5		2	5		5	4
130	4	5	4.5	5	4	4		5	4	4.5			5	3		4	3.8			4	5	3	5	5	4	2			
131			4	5						4		2			4					4			5				5	5	
132	4				3							1		3				3.5					4		5				
133	3.5							2				5	3	4			4	3.5			2		5	1		4		4	1
134		5			3.5					4.5	1.5	5	3	4					3.5	4			5		4				
135	4	4				5		4.5						4	4	2		5			4		5		4	4		5	
136					3.5									3		5	4	3.5	3.5	4			5		2	1	5		
137	3.5	5	1.5	5		3		3.5		3.5	2		4			5		4	4				4	1	4	2	5		
138				4		1						2						3.5					3			2			
139	3.5				3.5	1		3						2				3.5								4			
140		4	3.5		3.5	4		4		5	4	5	5		5		5	4	2	3	1		5	3.5		1			
141	4	5					4.5			5	4	4	5	5	4					4			5		5			5	3
142	3			5	4		3				4	4	3	4	3	4		3.5	3.5				5	1	3		4	5	3
143	5	4			4.5	3			4		3.5	3	2		5					1	5	4	5	3	5	4.5		4	2
144										4.5						4		5								3.5			1
145	3.5	4						2			3		3			3					3		4	1		3.5		3	2
146	4							2	1			4	3			2		4	1.5	1	2	2	5		3		4		1
147	4													4									4						
148	4	4		5		4.5	4	4	5	4	4	2	5	4				4	3.5					4	4	5	5		
149														2									4			1.5	4		
150				4				2			2		3						4	3	2			2	5	3.5		3	1
